header:   
  robot: "kuka_iiwa"
  num_joints: 7
  joint_names: ['iiwa_joint_1', 'iiwa_joint_2', 'iiwa_joint_3', 'iiwa_joint_4', 'iiwa_joint_5', 'iiwa_joint_6', 'iiwa_joint_7']

poses:
  scan_left: [0.911443507162272, 0.8445457661537074, -0.24531205048079935, -0.4025377708184225, -0.2844846946585006, 2.0064844410573124, -2.052291444379446]
  scan_right: [-0.9383438975679576, 0.7601413494392826, 0.09434425257301471, -0.5412804608133274, 0.34142136360206804, 2.0072211113733234, -0.29973127725889165]
  scan_back: [-0.1211112585904444, -0.9583773871156112, -0.03156704761451111, -1.6439149591462279, 0.09936178385879395, 1.8299439851378596, 0.3186380698351695]
  above_table_pre_touch: [0.04486168762069299, 0.3256606458812486, -0.033502080520812445, -1.5769091802934694, 0.05899249087322813, 1.246379583616529, 0.38912999977004026]
  scan_top: [0.20019084215164185, -0.27348050475120544, -0.1294761300086975, -1.0927237272262573, 0.0005730376578867435, 2.007343053817749, 0.4716401994228363]
  stow: [0.04486168762069299, 0.3256606458812486, -0.033502080520812445, -1.5769091802934694, 0.05899249087322813, 1.246379583616529, 0.38912999977004026]
  ref_frame: [-0.11138941566442548, -0.6836482590058189, 0.04678503587490145, -1.261961173156578, 0.09590908085551549, 1.8747075218773221, 0.36716039881169066]

scan_pose_list: ["scan_left", "ref_frame", "scan_right"]

touch:
  touch_nominal_direction: [1, 0, 0]
  touch_to_ee:
    orientation:
      w: 0.97921432
      x: -0.20277454
      y: 0.00454233
      z: -0.00107904
    translation:
      x: 0.085
      y: 0
      z: 0

touch_volume:
  min_pt: [0.38, -0.357198029757,-0.02]
  max_pt: [0.822621226311, 0.3723, 0.5]
  quaternion:
    w: 1
    x: 0
    y: 0
    z: 0
  translation:
    x: 0
    y: 0
    z: 0

collision_volume:
  min_pt: [0.382815, -0.357198029757,-0.02]
  max_pt: [0.822621226311, 0.3723, 0.5]
  quaternion:
    w: 1
    x: 0
    y: 0
    z: 0
  translation:
    x: 0
    y: 0
    z: 0

collision_objects:
  table:
    min_pt: [0.382815,  -0.3571980, -0.04]
    max_pt: [0.822621226311, 0.3723, -0.02]
    quaternion:
      w: 1
      x: 0
      y: 0
      z: 0
    translation:
      x: 0
      y: 0
      z: 0


speed:
  scan: 20
  pre_touch: 10
  touch: 2
  nominal: 10
  fast: 20
  slow: 5
